  211221     000952993545488461763900001
  211221     000952993545489535559800001
  211221     000952993545508241565000001
  211221     000952993545513097763900001
  211221     000952993545517168510000002
  211221     000952993545516786571100001
  211221     000952993545521318628200001
  211221     000952993545522944628200001
  211221     000952993545518615571500001
  211221     000952993545522834557800001
  211221     000952993545525020951900001
  211221     000952993545525600103700001
  211221     000952993545525474628200001
  211221     000952993545524906943500001
  211221     000952993545525019510000001
  211221     000952993545526478628300001
  211221     000952993545526505575700001
  211221     000952993545527420510000001
  211221     000952993545529073960400001
  211221     000952993545529049628200001
  211221     000952993545530158628200001
  211221     000952993545531168944400001
  211221     000952993545531274672000001
  211221     000952993545532034628200001
  211221     000952993545532321628200001
  211221     000952993545532950628200001
  211221     000952993545534325628200001
  211221     000952993545532042557800001
  211221     000952993545536692557800001
  211221     000952993545534478943500001
  211221     000952993545535406589100001
  211221     000952993545537245944400001
  211221     000952993545538078944400001
  211221     000952993545538509943500001
  211221     000952993545538885103700001
  211221     000952993545541854672000001
  211221     000952993545542041672000001
  211221     000952993545542421672000001
  211221     000952993545548197763900001
  211221     000952993545548496763900001
  211221     000952993545548638571100001
  211221     000952993545549148942800001
  211221     000952993545549850763900001
  211221     000952993545552895763900001
  211221     000952993545554127385000001
  211221     000952993545554390571100001
  211221     000952993545556043763900001
  211221     000952993545558745571100001
  211221     000952993545558886385000001
  211221     000952993545560387955700001
  211221     000952993545560902571100001
  211221     000952993545562051571100001
  211221     000952993545562379571100001
  211221     000952993545561837385000001
  211221     000952993545562889763900001
  211221     000952993545562921571100001
  211221     000952993545563040385000001
  211221     000952993545563054763900001
  211221     000952993545565367763900001
  211221     000952993545571749763900001
  211221     000952993545433620559000001
  211221     000952993545603237571100001
  211221     000952993545614578571300001
  211221     000952993545612866763900001
  211221     000952993545627685763900001
